dmp.txt <- structure(
	.Data = list(
		"coefficients" = list(
			"fixed" = c("tvV" = 49.2449, "tvCl" = 4.82027, "CEps" = 0.101731)
			, "random" = list("Subject" = matrix(
				as.numeric(c(
					 -0.565146,  0.0390839,  0.320131
					,  0.606093,  0.391736,  -0.0128164
					,  -0.0626513,  -0.331556,  -0.262548
					,  0.240582,  -0.127295,  0.426032
					,  -0.428751,  -0.0746607,  -0.17118
					,  -0.0560355,  0.238057,  -0.134082
					,  0.124949,  0.250655,  -0.278547
					,  0.354148,  -0.0549927,  0.312201
					,  -0.415961,  0.339415,  -0.177123
					,  -0.214317,  0.148504,  -0.645935
					,  -0.0865514,  0.046425,  -0.400952
					,  0.279062,  -0.386437,  -0.00749917
					,  -0.280106,  -0.346951,  0.607594
					,  0.0429764,  0.320142,  -0.169229
					,  -0.410686,  0.257578,  -0.244025
					,  0.514199,  -0.16931,  0.331249
					))
				, nrow = 24, ncol = 2
				, dimnames = list(
					c()
					, as.character(c("nV", "nCl"))
					)
				))
			)
		, "logLik" = c(-439.089)
		, "nObs" = c(399)
		, "nSubj" = c(24)
		, "nParm" = c(6)
		, "returnCode" = c(1)
		, "omega" = matrix(
			as.numeric(c(0.085583, 0.034491, 0.034491, 0.113809))
			, nrow = 2, ncol = 2
			, dimnames = list(
				as.character(c("nV", "nCl"))
				, as.character(c("nV", "nCl"))
				)
			)
		, "eta" = matrix(
			as.numeric(c(0.0309752, -0.0444975, 0.0849231, 0.106388, 0.291416, 0.326171, 0.00386258, 0.0331539))
			, nrow = 2, ncol = 4
			, dimnames = list(
				as.character(c("nV", "nCl"))
				, as.character(c("mean", "var", "sd", "shrinkage"))
				)
			)
		, "sigma" = matrix(
			as.numeric(c(0.0103492))
			, nrow = 1, ncol = 1
			, dimnames = list(
				as.character(c("CEps"))
				, as.character(c("CEps"))
				)
			)
		, "method" = "ML"
		, "idTable" = data.frame(
			id = as.character(c( "1", "2", "3", "4", "5", "6", "7", "8", "9", "10", "11", "12", "13", "14", "15", "16", "17", "18", "19", "20", "21", "22", "23", "24"))
			, "LL" = c(-29.997754, -17.090003, -20.637702, -12.819699, -10.706059, -19.543347, -19.296679, -18.858254, -27.897057, -12.603133, -21.910303, -11.384496, -35.69915, -23.380763, -17.676075, -16.478296, -11.515833, -21.04901, -12.804511, -13.356796, -24.194044,  -9.19325, -19.83696, -11.742991)
			, "nV" = c(-0.565146, 0.0390839, 0.320131, 0.606093, 0.391736, -0.0128164, -0.0626513, -0.331556, -0.262548, 0.240582, -0.127295, 0.426032, -0.428751, -0.0746607, -0.17118, -0.0560355, 0.238057, -0.134082, 0.124949, 0.250655, -0.278547, 0.354148, -0.0549927, 0.312201)
			, "nCl" = c(-0.415961, 0.339415, -0.177123, -0.214317, 0.148504, -0.645935, -0.0865514, 0.046425, -0.400952, 0.279062, -0.386437, -0.00749917, -0.280106, -0.346951, 0.607594, 0.0429764, 0.320142, -0.169229, -0.410686, 0.257578, -0.244025, 0.514199, -0.16931, 0.331249)
			) # end of idTable
		, "residuals" = data.frame(
			  ID1 = as.character(c(  "",   "",   "",   "",   "",   "",   "",   "",   "",   "",   "",   "",   "",   "",   "",   "",   "",   "",   "",   "",   "",   "",   "",   "",   "",   "",   "",   "",   "",   "",   "",   "",   "",   "",   "",   "",   "",   "",   "",   "",   "",   "",   "",   "",   "",   "",   "",   "",   "",   "",   "",   "",   "",   "",   "",   "",   "",   "",   "",   "",   "",   "",   "",   "",   "",   "",   "",   "",   "",   "",   "",   "",   "",   "",   "",   "",   "",   "",   "",   "",   "",   "",   "",   "",   "",   "",   "",   "",   "",   "",   "",   "",   "",   "",   "",   "",   "",   "",   "",   "",   "",   "",   "",   "",   "",   "",   "",   "",   "",   "",   "",   "",   "",   "",   "",   "",   "",   "",   "",   "",   "",   "",   "",   "",   "",   "",   "",   "",   "",   "",   "",   "",   "",   "",   "",   "",   "",   "",   "",   "",   "",   "",   "",   "",   "",   "",   "",   "",   "",   "",   "",   "",   "",   "",   "",   "",   "",   "",   "",   "",   "",   "",   "",   "",   "",   "",   "",   "",   "",   "",   "",   "",   "",   "",   "",   "",   "",   "",   "",   "",   "",   "",   "",   "",   "",   "",   "",   "",   "",   "",   "",   "",   "",   "",   "",   "",   "",   "",   "",   "",   "",   "",   "",   "",   "",   "",   "",   "",   "",   "",   "",   "",   "",   "",   "",   "",   "",   "",   "",   "",   "",   "",   "",   "",   "",   "",   "",   "",   "",   "",   "",   "",   "",   "",   "",   "",   "",   "",   "",   "",   "",   "",   "",   "",   "",   "",   "",   "",   "",   "",   "",   "",   "",   "",   "",   "",   "",   "",   "",   "",   "",   "",   "",   "",   "",   "",   "",   "",   "",   "",   "",   "",   "",   "",   "",   "",   "",   "",   "",   "",   "",   "",   "",   "",   "",   "",   "",   "",   "",   "",   "",   "",   "",   "",   "",   "",   "",   "",   "",   "",   "",   "",   "",   "",   "",   "",   "",   "",   "",   "",   "",   "",   "",   "",   "",   "",   "",   "",   "",   "",   "",   "",   "",   "",   "",   "",   "",   "",   "",   "",   "",   "",   "",   "",   "",   "",   "",   "",   "",   "",   "",   "",   "",   "",   "",   "",   "",   "",   "",   "",   "",   "",   "",   "",   "",   "",   "",   "",   "",   "",   "",   "",   "",   "",   "",   "",   "",   "",   "",   "",   "",   "",   "",   "",   "",   "",   "",   "",   "",   "",   "",   "",   "",   "",   "",   "",   "",   "",   "",   "",   "",   "",   "",   "",   "",   "",   "",   "",   ""))
			, ID2 = as.character(c(  "",   "",   "",   "",   "",   "",   "",   "",   "",   "",   "",   "",   "",   "",   "",   "",   "",   "",   "",   "",   "",   "",   "",   "",   "",   "",   "",   "",   "",   "",   "",   "",   "",   "",   "",   "",   "",   "",   "",   "",   "",   "",   "",   "",   "",   "",   "",   "",   "",   "",   "",   "",   "",   "",   "",   "",   "",   "",   "",   "",   "",   "",   "",   "",   "",   "",   "",   "",   "",   "",   "",   "",   "",   "",   "",   "",   "",   "",   "",   "",   "",   "",   "",   "",   "",   "",   "",   "",   "",   "",   "",   "",   "",   "",   "",   "",   "",   "",   "",   "",   "",   "",   "",   "",   "",   "",   "",   "",   "",   "",   "",   "",   "",   "",   "",   "",   "",   "",   "",   "",   "",   "",   "",   "",   "",   "",   "",   "",   "",   "",   "",   "",   "",   "",   "",   "",   "",   "",   "",   "",   "",   "",   "",   "",   "",   "",   "",   "",   "",   "",   "",   "",   "",   "",   "",   "",   "",   "",   "",   "",   "",   "",   "",   "",   "",   "",   "",   "",   "",   "",   "",   "",   "",   "",   "",   "",   "",   "",   "",   "",   "",   "",   "",   "",   "",   "",   "",   "",   "",   "",   "",   "",   "",   "",   "",   "",   "",   "",   "",   "",   "",   "",   "",   "",   "",   "",   "",   "",   "",   "",   "",   "",   "",   "",   "",   "",   "",   "",   "",   "",   "",   "",   "",   "",   "",   "",   "",   "",   "",   "",   "",   "",   "",   "",   "",   "",   "",   "",   "",   "",   "",   "",   "",   "",   "",   "",   "",   "",   "",   "",   "",   "",   "",   "",   "",   "",   "",   "",   "",   "",   "",   "",   "",   "",   "",   "",   "",   "",   "",   "",   "",   "",   "",   "",   "",   "",   "",   "",   "",   "",   "",   "",   "",   "",   "",   "",   "",   "",   "",   "",   "",   "",   "",   "",   "",   "",   "",   "",   "",   "",   "",   "",   "",   "",   "",   "",   "",   "",   "",   "",   "",   "",   "",   "",   "",   "",   "",   "",   "",   "",   "",   "",   "",   "",   "",   "",   "",   "",   "",   "",   "",   "",   "",   "",   "",   "",   "",   "",   "",   "",   "",   "",   "",   "",   "",   "",   "",   "",   "",   "",   "",   "",   "",   "",   "",   "",   "",   "",   "",   "",   "",   "",   "",   "",   "",   "",   "",   "",   "",   "",   "",   "",   "",   "",   "",   "",   "",   "",   "",   "",   "",   "",   "",   "",   "",   "",   "",   "",   "",   "",   "",   "",   "",   "",   "",   "",   "",   "",   ""))
